Entry	Name	Permitivity	MolarMass	Density	vdW-Volume
1	Acetaldehyde	21	44.052	0.7834	45.03478
2	AceticAcid	6.2	60.052	1.0446	52.75890
3	Acetone	21.01	58.079	0.7845	60.34719
4	Acetonitrile	36.64	41.052	0.7857	43.58847
5	AcetoPhenone	17.44	120.149	1.0281	113.88911
6	Aniline	7.06	93.127	1.0217	89.82024
7	Anisole	4.3	108.138	0.994	102.98562
8	Argon	1.3247	39.948	1.396	27.83
9	Benzaldehyde	17.85	106.122	1.0401	98.71141
10	Benzene	2.2825	78.112	0.8765	79.39943
11	BenzoNitrile	25.9	103.122	1.0093	97.28692
12	BenzylAlcohol	11.916	108.138	1.0419	102.89491
13	BromoBenzene	5.45	157.008	1.495	98.13651
14	BromoEthane	9.01	108.965	1.4604	60.02194
15	Bromoform	4.404	252.731	2.8788	82.56945
16	1-Bromo-2-MethylPropane	7.7	137.018	1.272	90.66812
17	1-BromoOctane	5.0957	193.125	1.1072	152.22726
18	1-BromoPentane	6.31	151.045	1.2182	106.11530
19	1-BromoPropane	8.09	122.992	1.3537	75.37092
20	2-BromoPropane	9.46	122.992	1.314	75.36099
21	Butanal	13.45	72.106	0.8016	75.71264
22	ButanoicAcid	2.98	88.106	0.9528	83.50254
23	1-Butanol	17.84	74.121	0.8095	79.88075
24	2-Butanol	17.26	74.121	0.8063	79.91375
25	Butanone	18.56	72.106	0.7999	75.61252
26	ButanoNitrile	24.83	69.106	0.7936	74.36300
27	ButylAmine	4.71	73.137	0.7414	82.59259
28	n-ButylBenzene	2.359	134.218	0.8601	140.81101
29	sec-ButylBenzene	2.357	134.218	0.8621	140.73212
30	tert-ButylBenzene	2.359	134.218	0.8665	140.30282
31	ButylEthanoate	5.07	116.158	0.8825	114.57524
32	CarbonDiSulfide	2.632	76.141	1.2632	52.54299
33	CarbonTetraChloride	2.2379	153.823	1.594	84.40146
34	ChloroBenzene	5.6895	112.557	1.1058	93.87718
35	2-ChloroButane	8.564	92.567	0.8857	86.45132
36	Chloroform	4.8069	119.378	1.4788	69.73108
37	1-ChloroHexane	6.104	120.62	0.8781	117.22397
38	1-ChloroPentane	6.654	106.594	0.882	101.85610
39	1-ChloroPropane	8.588	78.541	0.8899	71.11584
40	m-ChloroToluene	5.763	126.584	1.075	109.17177
41	o-ChloroToluene	4.721	126.584	1.0825	109.03247
42	p-ChloroToluene	6.25	126.584	1.0697	109.17842
43	m-Cresol	12.44	108.138	1.0339	102.59888
44	o-Cresol	6.76	108.138	1.0327	102.47565
45	CycloHexane	2.0243	84.159	0.7739	92.59001
46	CycloHexanone	16.1	98.142	0.9478	96.61887
47	CycloPentane	1.9687	70.133	0.7457	78.08936
48	CycloPentanol	18.5	86.132	0.9488	86.22059
49	CycloPentanone	13.58	84.117	0.9487	81.98088
50	Cis-Decalin	2.219	138.25	0.8965	#NV
51	trans-Decalin	2.184	138.25	0.8659	143.98865
52	n-Decane	1.9853	142.282	0.7266	163.94571
53	1-Decanol	7.93	158.281	0.8297	172.10021
54	1,2-DiBromoEthane	4.9612	187.861	2.1683	79.00358
55	DiButylEther	3.083	130.228	0.7684	141.67886
56	o-DiChloroBenzene	10.12	147.002	1.3059	108.20657
57	1,1-Dichloroethane	10.1	98.959	1.1757	70.43832
58	1,2-DiChloroEthane	10.42	98.959	1.2454	70.47678
59	E-1,2-DiChloroEthene	2.14	96.943	1.2565	65.87709
60	Z-1,2-DiChloroEthene	9.2	96.943	1.2837	65.74768
61	Dichloromethane	8.93	84.933	1.3266	55.08763
62	DiEthylAmine	3.68	73.137	0.7056	82.93310
63	DiethylEther	4.2666	74.121	0.7138	80.21412
64	DiEthylSulfide	5.723	90.187	0.8362	90.49410
65	DiIodoMethane	5.32	267.836	3.3211	76.34390
66	DiIsoPropylEther	3.805	102.174	0.7192	111.00975
67	N,N-DiMethylAcetamide	38.85	87.12	0.9372	86.50381
68	DiMethylDiSulfide	9.6	94.199	1.0625	78.53261
69	N,N-DiMethylFormamide	38.25	73.094	0.9445	71.49908
70	2,4-DiMethylPentane	1.902	100.202	0.6727	117.66411
71	2,4-DiMethylPyridine	9.6	107.153	0.9309	105.87748
72	2,6-DiMethylPyridine	7.33	107.153	0.9226	105.87114
73	DiMethylSulfoxide	47.24	78.133	1.101	67.64187
74	1,4-Dioxane	2.2189	88.106	1.0337	79.25705
75	n-Dodecane	2.012	170.334	0.7495	194.68789
76	DiPhenylEther	3.726	170.206	1.06613	156.63454
77	DiPropylAmine	2.923	101.19	0.74	113.66619
78	1,2-EthaneDiol	41.4	62.068	1.1135	57.33968
79	EthaneThiol	6.667	62.134	0.8315	59.35305
80	Ethanol	25.3	46.068	0.7893	49.15139
81	EthylBenzene	2.4463	106.165	0.8626	110.08528
82	Ethylene	1.4833	28.053	0.5678	36.96260
83	EthylEthanoate	6.0814	88.106	0.9003	83.85575
84	EthylMethanoate	8.57	74.079	0.9208	68.64790
85	EthylPhenylEther	4.216	122.164	0.9651	118.32524
86	FluoroBenzene	5.465	96.102	1.0225	84.69700
87	1-FluoroOctane	3.89	132.219	0.8116	138.72015
88	Formamide	111	45.041	1.1334	39.95431
89	FormicAcid	51.1	46.026	1.22	37.52023
90	Helium	1.055683	4.0026	0.1412269	11.49
91	Heptane	1.9209	100.202	0.6795	117.84355
92	1-Heptanol	11.75	116.201	0.8219	125.98768
93	2-Heptanone	11.95	114.185	0.8111	121.72703
94	4-Heptanone	12.6	114.185	0.8174	121.64470
95	n-Hexadecane	2.046	226.441	0.7701	256.17249
96	1,1,1,3,3,3-Hexafluoro-2-propanol	16.7	168.037	1.46	96.24639
97	n-Hexane	1.8865	86.175	0.6606	102.48068
98	HexanoicAcid	2.6	116.158	0.9212	114.16652
99	1-Hexanol	13.03	102.174	0.8136	110.61708
100	2-Hexanone	14.56	100.158	0.81132	106.35685
101	1-Hexene	2.077	84.159	0.6685	98.34125
102	1-Hexyne	2.621	82.143	0.7155	94.54628
103	IodoBenzene	4.59	204.008	1.8308	104.52642
104	1-IodoButane	6.27	184.018	1.6154	97.12672
105	IodoEthane	7.82	155.965	1.9357	66.40920
106	1-IodoHexaDecane	3.57	352.337	1.1213	281.57562
107	IodoMethane	6.97	141.939	2.2789	50.96600
108	1-IodoPentane	5.78	198.045	1.5161	112.49603
109	1-IodoPropane	7.07	169.992	1.7489	81.75598
110	Isopentane	1.845	72.149	0.6201	87.01781
111	IsoPropylBenzene	2.381	120.191	0.864	125.40072
112	p-IsoPropylToluene	2.2322	134.218	0.8573	140.69808
113	IsoQuinoline	11	129.159	1.091	117.89474
114	Krypton	1.664	83.8	2.418	34.53
115	Mesitylene	2.279	120.191	0.8615	125.28406
116	Methanol	33	32.042	0.7914	33.84141
117	2-MethoxyEthanol	17.2	76.095	0.9647	73.07304
118	N-MethylAniline	5.96	107.153	0.9891	105.51525
119	MethylBenzoate	6.642	136.149	1.0837	122.07007
120	MethylButanoate	5.48	102.132	0.8984	99.19128
121	MethylCycloHexane	2.024	98.186	0.7694	107.85903
122	MethylEthanoate	7.07	74.079	0.9342	68.51674
123	MethylMethanoate	9.2	60.052	0.9713	53.32324
124	2-MethylPentane	1.886	86.175	0.65	102.39180
125	4-Methyl-2-Pentanone	13.11	100.158	0.7965	106.31059
126	MethylPropanoate	6.2	88.106	0.915	83.82332
127	2-Methyl-1-Propanol	17.93	74.121	0.8018	79.83816
128	2-Methyl-2-Propanol	12.47	74.121	0.7887	79.75594
129	2-MethylPyridine	10.18	93.127	0.9443	90.59533
130	3-MethylPyridine	11.1	93.127	0.9566	90.60902
131	4-MethylPyridine	12.2	93.127	0.9548	90.60485
132	Neon	1.1907	20.18	1.204	15.30
133	NitroBenzene	35.6	123.11	1.2037	102.70868
134	NitroEthane	29.11	75.067	1.0448	64.53245
135	NitroMethane	37.27	61.041	1.1371	49.33994
136	1-NitroPropane	24.7	89.094	0.9961	79.96423
137	2-NitroPropane	26.74	89.094	0.9821	80.02105
138	o-NitroToluene	26.26	137.137	1.1611	117.64454
139	n-Nonane	1.9722	128.255	0.7192	148.57525
140	1-Nonanol	8.83	144.254	0.828	156.72917
141	5-Nonanone	10.6	142.238	0.8217	152.38036
142	n-Octane	1.948	114.229	0.6986	133.21580
143	n-Octanol	10.3	130.228	0.8262	141.35836
144	2-Octanone	9.51	128.212	0.82	137.09795
145	n-Pentadecane	2.0391	212.415	0.7685	240.80147
146	Pentanal	10	86.132	0.8095	91.07838
147	n-Pentane	1.8371	72.149	0.6262	87.09812
148	PentanoicAcid	2.661	102.132	0.9339	98.79967
149	1-Pentanol	15.13	88.148	0.8144	95.25927
150	2-Pentanone	15.45	86.132	0.809	90.99048
151	3-Pentanone	17	86.132	0.8098	90.89170
152	1-Pentene	2.011	70.133	0.6405	82.97268
153	PentylAmine	4.27	87.164	0.7544	97.96149
154	PentylEthanoate	4.79	130.185	0.8756	129.95231
155	PerFluoroBenzene	2.029	186.054	1.6184	111.2390
156	Propanal	18.5	58.079	0.8657	60.33708
157	PropanoicAcid	3.44	74.079	0.9882	68.06171
158	1-Propanol	20.8	60.095	0.7997	64.51064
159	2-Propanol	20.18	60.095	0.7809	64.48527
160	PropanoNitrile	29.7	55.079	0.7818	59.00424
161	2-Propen-1-ol	19.7	58.079	0.854	60.44766
162	PropylAmine	5.08	59.11	0.7173	67.21499
163	PropylEthanoate	5.62	102.132	0.8878	99.21315
164	Pyridine	13.26	79.101	0.9819	75.32926
165	Quinoline	9.16	129.159	1.0977	117.90367
166	TetraChloroEthene	2.268	165.833	1.623	94.43949
167	TetraHydroFuran	7.52	72.106	0.8833	71.36382
168	Tetralin	2.771	132.202	0.9645	130.80674
169	Thiophene	2.739	84.14	1.0649	71.8921
170	Thiophenol	4.26	110.177	1.0775	97.45885
171	Toluene	2.379	92.139	0.8668	94.68586
172	TriButylPhosphate	8.34	266.313	0.9727	#NV
173	1,1,1-TriChloroEthane	7.243	133.404	1.339	85.07454
174	1,1,2-TriChloroEthane	7.1937	133.404	1.4397	85.10598
175	TriChloroEthene	3.39	131.388	1.4642	80.17516
176	TriEthylAmine	2.418	101.19	0.7275	113.85480
177	2,2,2-TriFluoroEthanol	27.68	100.039	1.3842	65.11389
178	1,2,4-TriMethylBenzene	2.377	120.191	0.8758	125.12269
179	2,2,4-TriMethylPentane	1.943	114.229	0.6878	132.84864
180	n-Undecane	1.9972	156.309	0.7402	179.31679
181	Water	80.1	18.015	0.998	17.73095
182	Xenon	1.88	131.29	2.953	42.21
183	m-Xylene	2.359	106.165	0.8596	109.97693
184	o-Xylene	2.562	106.165	0.8802	109.82311
185	p-Xylene	2.2735	106.165	0.8566	109.98014
